3,2
10,122
10,104
10,146
10,96
10,64
10,136
10,2
10,3
11,20
11,6
11,2
11,3
9,4
9,6
9,2
9,3
8,12
8,4
8,11
8,7
8,6
8,2
8,3
12,2
12,1
12,3
27,3
27,2
27,1
27,0
26,3
26,2
26,1
26,0
25,3
25,2
25,1
25,0
24,3
24,2
24,1
24,0
23,3
23,2
23,1
23,0
11,29
11,28
11,27
11,26
11,25
20,2
11,24
20,1
11,1
20,3
11,23
10,313
10,312
10,311
10,310
10,309
10,308
10,307
10,306
10,305
10,304
10,303
10,302
10,301
10,300
10,299
10,298
10,297
10,296
10,295
10,294
10,293
10,292
10,291
19,2
10,290
10,289
19,1
10,288
10,287
10,286
10,285
10,284
10,283
19,3
10,282
10,281
10,280
10,279
10,278
10,277
10,276
10,275
10,274
10,273
10,272
